1 0.544 0.620358 0.111882 0.160652
1 0.451677 0.559906 0.0993023 0.142602
1 0.373085 0.391402 0.10805 0.110388
1 0.375921 0.646415 0.100386 0.125659
1 0.277962 0.617529 0.106536 0.146008
1 0.348302 0.772675 0.118157 0.139947
1 0.230608 0.808575 0.133796 0.127026
1 0.643435 0.59048 0.105679 0.122806
1 0.113391 0.684787 0.127005 0.173757
1 0.461551 0.745151 0.107258 0.128107
1 0.348044 0.186605 0.112449 0.133755
1 0.47829 0.288747 0.096848 0.125113
1 0.385415 0.485657 0.0943291 0.115653
1 0.610905 0.767683 0.122942 0.120409
1 0.125382 0.932673 0.110114 0.128869
1 0.579984 0.446498 0.109298 0.137973
1 0.158944 0.489426 0.114954 0.178074
1 0.475691 0.449055 0.0964951 0.0868928
1 0.454305 0.859052 0.124485 0.147065
1 0.545566 0.189527 0.104152 0.10297
1 0.211179 0.365573 0.139954 0.134283
1 0.641457 0.251893 0.119427 0.117013
1 0.0389666 0.340173 0.0772193 0.178226
1 0.304869 0.475773 0.0985864 0.137086
1 0.0529642 0.462203 0.105844 0.202799
1 0.0399084 0.889098 0.0786249 0.221805
1 0.860363 0.881229 0.176012 0.225154
1 0.409925 0.505546 0.11202 0.123561
1 0.716987 0.430576 0.103956 0.121809
1 0.0437642 0.394345 0.08734 0.340761
1 0.61142 0.330435 0.0870769 0.129442
1 0.625337 0.279867 0.108687 0.126326
