1 0.179623 0.538309 0.14703 0.207452
1 0.527217 0.737595 0.136143 0.20599
1 0.41312 0.899009 0.146583 0.196801
1 0.564766 0.899756 0.166717 0.200487
1 0.716115 0.8725 0.15884 0.242105
1 0.284846 0.665539 0.122637 0.202625
1 0.164188 0.131438 0.153546 0.164529
1 0.269025 0.874418 0.156571 0.215277
1 0.92006 0.392224 0.151974 0.130578
1 0.432152 0.248478 0.131055 0.175697
1 0.818413 0.499046 0.166023 0.169163
1 0.853365 0.0811418 0.14428 0.16113
1 0.889038 0.259729 0.141449 0.150842
1 0.955267 0.504379 0.0894662 0.173786
1 0.0588695 0.617012 0.117739 0.163854
1 0.139558 0.388456 0.129016 0.161778
1 0.409355 0.558741 0.186144 0.20747
1 0.55048 0.197784 0.119419 0.156185
1 0.916175 0.675323 0.167651 0.239766
1 0.85164 0.832883 0.173557 0.213701
1 0.130553 0.268193 0.144205 0.147829
1 0.736167 0.335996 0.174267 0.223074
1 0.535106 0.465255 0.130159 0.175069
1 0.160543 0.745094 0.157082 0.176199
1 0.544614 0.332448 0.129175 0.161454
1 0.30857 0.414285 0.182324 0.224864
1 0.439251 0.0925642 0.159411 0.185128
1 0.400777 0.732962 0.135084 0.191312
1 0.64944 0.736565 0.130222 0.176091
1 0.0447337 0.829659 0.0890232 0.19039
1 0.570775 0.073413 0.119931 0.146149
1 0.0520392 0.483885 0.104078 0.199586
1 0.432179 0.390858 0.108655 0.169237
1 0.950678 0.152019 0.098644 0.15305
1 0.0503447 0.160779 0.100689 0.168458
1 0.961321 0.868401 0.077358 0.237378
1 0.632647 0.593709 0.12233 0.163542
