1 0.506027 0.905162 0.184688 0.189676
1 0.226332 0.350023 0.165853 0.22599
1 0.371592 0.494639 0.198181 0.239814
1 0.873718 0.251511 0.147219 0.21399
1 0.37935 0.709 0.159443 0.235417
1 0.605916 0.116474 0.202791 0.232949
1 0.681965 0.778703 0.227605 0.236681
1 0.309995 0.175316 0.133214 0.19735
1 0.297587 0.895859 0.155916 0.196396
1 0.916741 0.509767 0.166113 0.308728
1 0.352109 0.32962 0.106148 0.154919
1 0.184882 0.490803 0.12224 0.184546
1 0.768346 0.566722 0.188341 0.282571
1 0.0757557 0.317828 0.151352 0.275266
1 0.96966 0.279886 0.0602238 0.190228
1 0.830837 0.0558036 0.124588 0.104703
1 0.650384 0.33053 0.102498 0.223019
1 0.513936 0.411481 0.133136 0.186622
1 0.0301873 0.628116 0.0598424 0.264754
1 0.176676 0.695658 0.154839 0.196219
1 0.756322 0.072971 0.0954402 0.132387
