1 0.395955 0.737214 0.153963 0.181709
1 0.52224 0.457591 0.13409 0.194913
1 0.281142 0.63119 0.114355 0.161885
1 0.838525 0.577382 0.121363 0.164192
1 0.559199 0.750615 0.169414 0.206619
1 0.434385 0.586414 0.0996242 0.153702
1 0.451572 0.364728 0.110223 0.187598
1 0.358969 0.515422 0.115932 0.175024
1 0.717023 0.653197 0.142516 0.175571
1 0.557539 0.92028 0.130152 0.15944
1 0.634924 0.551261 0.131083 0.160885
1 0.606037 0.349949 0.115713 0.19472
1 0.779068 0.371999 0.096679 0.163529
1 0.528502 0.607211 0.119117 0.137127
1 0.700564 0.276286 0.110616 0.160776
1 0.161827 0.945007 0.121016 0.109985
1 0.360654 0.48254 0.12249 0.251374
1 0.740413 0.504924 0.109847 0.159582
1 0.12206 0.608007 0.24412 0.771627
1 0.358838 0.404459 0.121161 0.116832
1 0.507844 0.279277 0.098249 0.104835
1 0.225389 0.840524 0.118106 0.185316
1 0.515953 0.26048 0.106402 0.0834975
1 0.48084 0.323977 0.100323 0.161061
