1 0.223708 0.210134 0.302504 0.354574
1 0.459732 0.302139 0.323488 0.33163
1 0.813142 0.208937 0.151965 0.266129
1 0.865431 0.216783 0.265304 0.287918
1 0.647439 0.102546 0.135265 0.142074
1 0.686376 0.702393 0.347447 0.515655
1 0.667692 0.34708 0.233102 0.358884
1 0.358839 0.0634865 0.148329 0.126284
1 0.380003 0.59356 0.351607 0.324383
1 0.737415 0.689111 0.245642 0.483286
1 0.061722 0.222941 0.122997 0.372371
1 0.499018 0.0851139 0.222483 0.168308
1 0.0973176 0.0532922 0.194635 0.105048
1 0.91437 0.231703 0.167266 0.307208
1 0.83415 0.0436077 0.242964 0.0866585
1 0.878869 0.0449678 0.155559 0.0890465
1 0.917503 0.357635 0.164995 0.446271
1 0.382788 0.647885 0.397189 0.6213
1 0.0835416 0.0839458 0.167083 0.165841
