1 0.561203 0.202598 0.261013 0.354171
1 0.431983 0.705021 0.130849 0.269899
1 0.776212 0.845684 0.241047 0.302031
1 0.123313 0.187609 0.246626 0.370231
1 0.852994 0.271104 0.211982 0.31648
1 0.268779 0.735474 0.210965 0.321196
1 0.448648 0.07374 0.179203 0.140177
1 0.678975 0.467577 0.180045 0.259763
1 0.864728 0.538657 0.186547 0.238077
1 0.386735 0.314648 0.138493 0.238391
1 0.645747 0.78714 0.117058 0.239589
1 0.0412382 0.637143 0.0817277 0.254094
1 0.941321 0.708358 0.117063 0.583285
1 0.54329 0.78031 0.118212 0.185483
1 0.307243 0.102693 0.137979 0.181528
1 0.962403 0.640846 0.0749052 0.411342
1 0.125375 0.731957 0.111464 0.23736
