1 0.294027 0.52986 0.125052 0.182208
1 0.532189 0.91299 0.106588 0.152211
1 0.447198 0.371772 0.114028 0.196277
1 0.426492 0.587666 0.157415 0.263215
1 0.501625 0.777096 0.110336 0.1383
1 0.610977 0.776889 0.103773 0.177928
1 0.126844 0.638958 0.253688 0.503274
1 0.207992 0.438693 0.0989764 0.174203
1 0.137571 0.101683 0.125488 0.190086
1 0.474954 0.246502 0.104359 0.148895
1 0.357992 0.405463 0.0939875 0.164564
1 0.828101 0.527863 0.261768 0.450796
1 0.303373 0.0553016 0.102504 0.100243
1 0.613824 0.59595 0.202721 0.358801
1 0.800561 0.229664 0.175182 0.202339
1 0.844505 0.870897 0.222263 0.256371
1 0.672389 0.918443 0.10831 0.152776
1 0.352712 0.18487 0.164094 0.191747
1 0.30939 0.82654 0.30069 0.339125
1 0.146013 0.282642 0.214309 0.29025
1 0.946418 0.616148 0.107163 0.389169
1 0.032834 0.151662 0.0656679 0.287502
1 0.551822 0.124277 0.122746 0.187385
1 0.588237 0.360774 0.142659 0.162503
1 0.240674 0.0569032 0.221717 0.0950637
1 0.213565 0.0529984 0.161981 0.0879476
1 0.521265 0.244893 0.137942 0.138402
1 0.159154 0.0930718 0.164494 0.174489
