1 0.663769 0.372444 0.223587 0.16601
1 0.388814 0.349093 0.272799 0.179616
1 0.335244 0.206724 0.210803 0.147174
1 0.161333 0.32214 0.302403 0.155958
1 0.661739 0.679103 0.318469 0.223783
1 0.165195 0.516049 0.330115 0.251496
1 0.844294 0.500774 0.307209 0.227532
1 0.514147 0.139131 0.167285 0.121598
1 0.0983521 0.142996 0.196611 0.269099
1 0.895847 0.820408 0.208293 0.235568
1 0.426172 0.0547524 0.236758 0.109505
1 0.490634 0.515029 0.279907 0.189059
1 0.237094 0.098206 0.210533 0.157634
1 0.371159 0.684388 0.318577 0.201045
1 0.681672 0.09221 0.235344 0.162024
1 0.0988178 0.197117 0.197636 0.148457
1 0.578772 0.234074 0.241177 0.138012
1 0.963716 0.641106 0.0725272 0.243286
1 0.0844077 0.754794 0.166125 0.175218
