1 0.128335 0.238755 0.242568 0.164737
1 0.333551 0.289778 0.245343 0.124549
1 0.895474 0.788602 0.209052 0.16694
1 0.29109 0.107985 0.36153 0.198168
1 0.828091 0.589025 0.343819 0.279946
1 0.668676 0.323196 0.345955 0.228516
1 0.944342 0.88926 0.111316 0.220296
1 0.831144 0.121456 0.337711 0.242342
1 0.118247 0.348875 0.236494 0.175923
1 0.0788492 0.34945 0.157698 0.170529
1 0.222495 0.514886 0.406854 0.486991
1 0.765567 0.921494 0.29175 0.155735
1 0.171689 0.492248 0.343379 0.341571
1 0.435182 0.390675 0.260467 0.24044
1 0.205775 0.84814 0.387715 0.30049
1 0.48985 0.928778 0.422855 0.142445
