1 0.173531 0.204206 0.209964 0.208606
1 0.374749 0.196105 0.213422 0.297496
1 0.0617279 0.76921 0.123456 0.288708
1 0.230273 0.65959 0.261133 0.288853
1 0.0534962 0.53774 0.106992 0.205277
1 0.772449 0.264653 0.24958 0.199293
1 0.565503 0.920066 0.301994 0.158493
1 0.830211 0.861776 0.338317 0.276447
1 0.53766 0.592355 0.44451 0.654683
1 0.670702 0.106774 0.328949 0.213549
1 0.867708 0.606541 0.264584 0.334161
1 0.0504326 0.339498 0.100865 0.215825
1 0.185393 0.897118 0.262736 0.204847
1 0.93734 0.367704 0.125197 0.335109
1 0.930153 0.126905 0.139693 0.253811
1 0.195902 0.422227 0.218822 0.273822
1 0.103639 0.0976809 0.176635 0.195362
1 0.0506055 0.299205 0.101211 0.13636
1 0.953714 0.129076 0.0922972 0.258153
1 0.448049 0.0377658 0.238867 0.0752733
