1 0.537443 0.248896 0.129048 0.162939
1 0.710425 0.314155 0.0921473 0.146206
1 0.656587 0.190867 0.104568 0.135192
1 0.193297 0.654569 0.114745 0.15742
1 0.519072 0.762675 0.106501 0.14735
1 0.653057 0.505474 0.10228 0.123985
1 0.571739 0.105062 0.105402 0.139823
1 0.135544 0.502359 0.0980514 0.112033
1 0.439796 0.63375 0.115428 0.13603
1 0.397319 0.750928 0.104476 0.116849
1 0.215836 0.433321 0.12039 0.155387
1 0.0936549 0.625614 0.107127 0.157843
1 0.442484 0.876111 0.0985112 0.119805
1 0.746854 0.45683 0.104151 0.162153
1 0.806405 0.30999 0.104446 0.123795
1 0.419417 0.510328 0.116644 0.14431
1 0.434542 0.27177 0.0968337 0.144791
1 0.322913 0.439143 0.112685 0.13743
1 0.0476899 0.528622 0.0953799 0.151339
1 0.614505 0.650173 0.140166 0.148519
1 0.599195 0.913458 0.0987928 0.144505
1 0.626609 0.378015 0.100917 0.162248
1 0.927063 0.215728 0.141899 0.15158
1 0.307457 0.662527 0.130375 0.126217
1 0.0798189 0.343825 0.156913 0.142204
1 0.926575 0.433313 0.129648 0.162909
1 0.0753975 0.616422 0.137653 0.176655
1 0.819536 0.162903 0.105859 0.161664
1 0.744529 0.0933023 0.110605 0.155783
