1 0.482628 0.555158 0.130468 0.189658
1 0.683618 0.529714 0.147028 0.185606
1 0.274434 0.430094 0.16739 0.2413
1 0.870243 0.211734 0.133764 0.174033
1 0.619269 0.692468 0.151858 0.241378
1 0.579151 0.237068 0.122717 0.161276
1 0.411055 0.382355 0.127696 0.191841
1 0.346133 0.678311 0.155712 0.209049
1 0.459126 0.211397 0.139157 0.216415
1 0.657343 0.104307 0.127609 0.192932
1 0.559526 0.407234 0.157139 0.199377
1 0.217985 0.648485 0.11636 0.19309
1 0.369917 0.0747825 0.109273 0.136314
1 0.694354 0.89353 0.126826 0.18236
1 0.775284 0.0824912 0.115587 0.147065
1 0.0626235 0.777932 0.125247 0.16562
1 0.128833 0.92716 0.147898 0.145681
1 0.323789 0.222765 0.137437 0.189829
1 0.877524 0.881839 0.172826 0.229735
1 0.0729122 0.280553 0.114556 0.151955
1 0.559173 0.898522 0.163128 0.202957
1 0.880349 0.0546771 0.129031 0.109354
1 0.781318 0.712306 0.170287 0.208973
1 0.365226 0.895801 0.171368 0.20701
1 0.752071 0.394339 0.12228 0.188603
1 0.478257 0.733039 0.141467 0.196713
1 0.377488 0.529151 0.0952882 0.170348
1 0.174619 0.128074 0.144754 0.17213
1 0.727084 0.231645 0.1372 0.160356
1 0.197684 0.316137 0.15094 0.168258
1 0.103705 0.450939 0.151973 0.200636
1 0.962098 0.245632 0.0758033 0.204207
1 0.0325711 0.930922 0.0651422 0.138156
1 0.237881 0.910687 0.095544 0.178626
1 0.973413 0.6558 0.0530182 0.267701
1 0.971657 0.88081 0.0562176 0.221732
1 0.0642592 0.29844 0.128518 0.189384
1 0.794989 0.552173 0.105215 0.166681
1 0.0213593 0.58442 0.0424684 0.226257
1 0.160666 0.805082 0.0934279 0.13027
1 0.951986 0.415948 0.0960273 0.211977
1 0.26224 0.0487056 0.125245 0.0871171
1 0.962644 0.0691774 0.0747112 0.122194
1 0.968542 0.862118 0.062916 0.167096
1 0.970099 0.767363 0.0597734 0.125775
1 0.96951 0.701182 0.060981 0.364715
1 0.0242992 0.561074 0.0485984 0.164909
1 0.81803 0.539377 0.152041 0.197899
