1 0.349000 0.494667 0.190000 0.269333
1 0.542000 0.457333 0.156000 0.232000
1 0.523000 0.276000 0.110000 0.173333
1 0.545000 0.140000 0.114000 0.125333
1 0.612000 0.338667 0.100000 0.170667
1 0.371000 0.186667 0.162000 0.138667
1 0.164000 0.837333 0.112000 0.133333
1 0.164000 0.950667 0.120000 0.098667
1 0.079000 0.784000 0.106000 0.170667
1 0.417000 0.317333 0.126000 0.181333
1 0.752000 0.557333 0.164000 0.192000
0 0.796000 0.430667 0.064000 0.077333
1 0.860000 0.384000 0.068000 0.080000
1 0.739000 0.248000 0.066000 0.085333
1 0.886000 0.773333 0.072000 0.101333
1 0.363000 0.946667 0.106000 0.106667
1 0.192000 0.249333 0.084000 0.098667
