1 0.133000 0.058355 0.170000 0.111406
1 0.212000 0.127321 0.196000 0.180371
1 0.074000 0.271883 0.144000 0.283820
1 0.232000 0.334218 0.200000 0.265252
1 0.391000 0.185676 0.194000 0.275862
1 0.514000 0.263926 0.188000 0.305040
1 0.661000 0.251989 0.166000 0.254642
1 0.829000 0.180371 0.210000 0.265252
1 0.929000 0.338196 0.130000 0.278515
1 0.791000 0.450928 0.226000 0.233422
1 0.757000 0.710875 0.266000 0.291777
1 0.922000 0.728117 0.156000 0.289125
1 0.898000 0.925729 0.192000 0.148541
1 0.564000 0.806366 0.232000 0.291777
1 0.444000 0.620690 0.220000 0.307692
1 0.584000 0.498674 0.228000 0.302387
1 0.379000 0.458886 0.206000 0.259947
1 0.182000 0.659151 0.184000 0.246684
1 0.086000 0.522546 0.160000 0.275862
1 0.095000 0.854111 0.186000 0.270557
1 0.237000 0.925729 0.194000 0.148541
1 0.698000 0.929708 0.204000 0.140584
1 0.312000 0.042440 0.188000 0.079576
1 0.521000 0.054377 0.202000 0.087533
1 0.698000 0.061008 0.204000 0.116711
1 0.438000 0.941645 0.224000 0.116711
