1 0.820000 0.838000 0.296000 0.244000
1 0.580000 0.752000 0.232000 0.196000
1 0.597000 0.586000 0.222000 0.156000
1 0.741000 0.425000 0.202000 0.150000
1 0.889000 0.597000 0.218000 0.194000
1 0.543000 0.265000 0.254000 0.218000
1 0.301000 0.340000 0.238000 0.184000
1 0.254000 0.151000 0.220000 0.182000
1 0.098000 0.161000 0.192000 0.102000
1 0.071000 0.396000 0.138000 0.148000
1 0.175000 0.479000 0.146000 0.166000
1 0.304000 0.492000 0.156000 0.168000
1 0.265000 0.637000 0.158000 0.146000
1 0.408000 0.654000 0.192000 0.168000
