1 0.526000 0.209000 0.088000 0.130000
1 0.612000 0.134000 0.124000 0.132000
1 0.422000 0.050000 0.120000 0.096000
1 0.569000 0.022000 0.102000 0.040000
1 0.744000 0.135000 0.068000 0.134000
1 0.814000 0.209000 0.104000 0.142000
1 0.918000 0.131000 0.084000 0.138000
1 0.711000 0.255000 0.090000 0.126000
1 0.658000 0.336000 0.100000 0.120000
1 0.771000 0.407000 0.106000 0.130000
1 0.877000 0.449000 0.090000 0.122000
1 0.741000 0.514000 0.102000 0.120000
1 0.826000 0.543000 0.084000 0.102000
1 0.937000 0.619000 0.086000 0.158000
1 0.395000 0.319000 0.110000 0.106000
1 0.475000 0.445000 0.078000 0.106000
1 0.386000 0.424000 0.092000 0.116000
1 0.294000 0.398000 0.076000 0.148000
1 0.240000 0.573000 0.104000 0.130000
1 0.152000 0.496000 0.052000 0.076000
1 0.040000 0.564000 0.076000 0.168000
1 0.137000 0.359000 0.130000 0.182000
1 0.185000 0.232000 0.086000 0.120000
1 0.238000 0.190000 0.104000 0.108000
1 0.037000 0.247000 0.070000 0.162000
1 0.024000 0.086000 0.044000 0.140000
1 0.426000 0.583000 0.084000 0.162000
1 0.339000 0.653000 0.102000 0.146000
1 0.404000 0.824000 0.104000 0.128000
1 0.274000 0.817000 0.136000 0.138000
1 0.134000 0.803000 0.144000 0.158000
1 0.028000 0.922000 0.048000 0.156000
1 0.550000 0.921000 0.104000 0.134000
1 0.523000 0.717000 0.098000 0.170000
1 0.639000 0.699000 0.094000 0.146000
1 0.573000 0.563000 0.078000 0.110000
1 0.597000 0.471000 0.074000 0.122000
1 0.710000 0.660000 0.064000 0.096000
1 0.728000 0.781000 0.068000 0.098000
1 0.787000 0.774000 0.058000 0.136000
1 0.805000 0.702000 0.082000 0.144000
1 0.968000 0.774000 0.064000 0.160000
1 0.867000 0.878000 0.110000 0.132000
