1 0.126582 0.238000 0.243038 0.164000
1 0.332911 0.289000 0.245570 0.126000
1 0.894937 0.788000 0.210127 0.168000
1 0.289873 0.107000 0.362025 0.198000
1 0.827848 0.588000 0.344304 0.280000
1 0.667089 0.322000 0.346835 0.228000
1 0.944304 0.888000 0.111392 0.220000
1 0.829114 0.122000 0.336709 0.240000
1 0.118987 0.348000 0.232911 0.176000
1 0.079747 0.349000 0.154430 0.170000
1 0.764557 0.920000 0.293671 0.156000
1 0.172152 0.491000 0.339241 0.342000
1 0.434177 0.390000 0.260759 0.240000
1 0.183544 0.914000 0.346835 0.168000
1 0.488608 0.928000 0.425316 0.144000
1 0.527848 0.164000 0.240506 0.188000
1 0.660759 0.317000 0.288608 0.206000
1 0.884810 0.309000 0.225316 0.218000
1 0.583544 0.834000 0.265823 0.140000
1 0.486076 0.721000 0.339241 0.166000
1 0.287342 0.833000 0.296203 0.202000
