1 0.358000 0.757333 0.312000 0.341333
1 0.154000 0.636000 0.252000 0.264000
1 0.725000 0.618667 0.242000 0.266667
1 0.549000 0.754667 0.206000 0.320000
1 0.851000 0.318667 0.178000 0.152000
1 0.257000 0.528000 0.178000 0.154667
1 0.275000 0.445333 0.170000 0.112000
1 0.400000 0.386667 0.184000 0.138667
1 0.431000 0.306667 0.134000 0.112000
1 0.545000 0.270667 0.158000 0.098667
1 0.634000 0.209333 0.148000 0.114667
1 0.868000 0.438667 0.188000 0.168000
1 0.584000 0.534667 0.156000 0.109333
1 0.422000 0.521333 0.152000 0.130667
1 0.522000 0.432000 0.120000 0.096000
1 0.678000 0.422667 0.196000 0.104000
