1 0.395000 0.735736 0.154000 0.180180
1 0.521000 0.454955 0.134000 0.195195
1 0.280000 0.630631 0.116000 0.162162
1 0.837000 0.575075 0.122000 0.165165
1 0.558000 0.749249 0.168000 0.207207
1 0.434000 0.584084 0.100000 0.153153
1 0.451000 0.363363 0.110000 0.186186
1 0.358000 0.513514 0.116000 0.174174
1 0.716000 0.651652 0.144000 0.174174
1 0.557000 0.918919 0.130000 0.162162
1 0.634000 0.549550 0.132000 0.162162
1 0.605000 0.348348 0.114000 0.192192
1 0.778000 0.370871 0.096000 0.165165
1 0.528000 0.606607 0.120000 0.138138
1 0.699000 0.274775 0.110000 0.159159
1 0.161000 0.942943 0.122000 0.108108
1 0.739000 0.503003 0.110000 0.159159
1 0.358000 0.403904 0.120000 0.117117
1 0.507000 0.277778 0.098000 0.105105
1 0.225000 0.839339 0.118000 0.183183
1 0.515000 0.258258 0.106000 0.084084
1 0.480000 0.322823 0.100000 0.159159
1 0.203000 0.570571 0.098000 0.138138
1 0.160000 0.674174 0.088000 0.123123
1 0.274000 0.372372 0.104000 0.126126
1 0.269000 0.490991 0.138000 0.099099
1 0.333000 0.295796 0.110000 0.147147
1 0.417000 0.216216 0.094000 0.126126
1 0.547000 0.181682 0.094000 0.147147
1 0.715000 0.660661 0.142000 0.120120
1 0.659000 0.893393 0.102000 0.153153
1 0.825000 0.695195 0.090000 0.093093
1 0.843000 0.430931 0.078000 0.141141
