1 0.355000 0.108000 0.166000 0.194667
1 0.133000 0.805333 0.234000 0.250667
1 0.863000 0.729333 0.170000 0.210667
1 0.623000 0.124000 0.198000 0.232000
1 0.448000 0.777333 0.232000 0.285333
1 0.695000 0.769333 0.246000 0.216000
1 0.315000 0.632000 0.174000 0.202667
1 0.212000 0.425333 0.212000 0.253333
1 0.098000 0.290667 0.184000 0.240000
1 0.843000 0.432000 0.202000 0.144000
1 0.147000 0.622667 0.186000 0.173333
1 0.700000 0.778667 0.240000 0.320000
1 0.496000 0.621333 0.228000 0.229333
1 0.712000 0.626667 0.236000 0.213333
1 0.680000 0.462667 0.184000 0.253333
1 0.439000 0.338667 0.294000 0.288000
1 0.773000 0.277333 0.182000 0.208000
1 0.943000 0.568000 0.114000 0.154667
