1 0.691000 0.717718 0.158000 0.252252
1 0.834000 0.821321 0.148000 0.315315
1 0.183000 0.192192 0.122000 0.126126
1 0.205000 0.312312 0.122000 0.120120
1 0.282000 0.234234 0.072000 0.162162
1 0.373000 0.430931 0.122000 0.201201
1 0.153000 0.487988 0.082000 0.087087
1 0.152000 0.615616 0.084000 0.084084
1 0.252000 0.558559 0.088000 0.096096
1 0.234000 0.708709 0.120000 0.108108
1 0.699000 0.234234 0.098000 0.180180
1 0.715000 0.411411 0.114000 0.162162
1 0.816000 0.256757 0.108000 0.165165
1 0.923000 0.484985 0.126000 0.183183
1 0.946000 0.291291 0.100000 0.192192
1 0.583000 0.821321 0.098000 0.285285
1 0.667000 0.915916 0.114000 0.162162
1 0.377000 0.250751 0.094000 0.165165
1 0.513000 0.271772 0.098000 0.165165
1 0.537000 0.417417 0.086000 0.132132
1 0.455000 0.337838 0.082000 0.165165
