1 0.560000 0.200599 0.260000 0.353293
1 0.431000 0.703593 0.130000 0.269461
1 0.775000 0.844311 0.242000 0.299401
1 0.124000 0.187126 0.244000 0.368263
1 0.824000 0.294910 0.272000 0.374251
1 0.268000 0.735030 0.212000 0.320359
1 0.448000 0.073353 0.180000 0.140719
1 0.689000 0.480539 0.218000 0.290419
1 0.864000 0.537425 0.188000 0.236527
1 0.385000 0.312874 0.138000 0.236527
1 0.645000 0.784431 0.118000 0.239521
1 0.042000 0.636228 0.080000 0.254491
1 0.933000 0.839820 0.130000 0.320359
1 0.543000 0.778443 0.118000 0.185629
1 0.307000 0.100299 0.138000 0.182635
1 0.961000 0.639222 0.074000 0.410180
1 0.124000 0.730539 0.112000 0.239521
1 0.601000 0.643713 0.114000 0.137725
1 0.535000 0.464072 0.146000 0.233533
1 0.475000 0.538922 0.122000 0.203593
1 0.053000 0.465569 0.102000 0.236527
