1 0.293000 0.528529 0.126000 0.180180
1 0.531000 0.911411 0.106000 0.153153
1 0.447000 0.370871 0.114000 0.195195
1 0.425000 0.585586 0.158000 0.264264
1 0.501000 0.774775 0.110000 0.138138
1 0.610000 0.776276 0.104000 0.177177
1 0.127000 0.636637 0.250000 0.504505
1 0.207000 0.438438 0.098000 0.174174
1 0.137000 0.100601 0.126000 0.189189
1 0.474000 0.244745 0.104000 0.147147
1 0.357000 0.403904 0.094000 0.165165
1 0.796000 0.578078 0.200000 0.345345
1 0.303000 0.054054 0.102000 0.102102
1 0.613000 0.594595 0.202000 0.360360
1 0.800000 0.228228 0.176000 0.204204
1 0.843000 0.869369 0.222000 0.255255
1 0.672000 0.917417 0.108000 0.153153
1 0.352000 0.183183 0.164000 0.192192
1 0.308000 0.824324 0.300000 0.339339
1 0.145000 0.280781 0.214000 0.291291
1 0.945000 0.614114 0.106000 0.387387
1 0.033000 0.150150 0.062000 0.288288
1 0.551000 0.123123 0.122000 0.186186
1 0.587000 0.360360 0.142000 0.162162
1 0.239000 0.055556 0.222000 0.093093
1 0.221000 0.048048 0.082000 0.090090
1 0.521000 0.243243 0.138000 0.138138
1 0.158000 0.091592 0.164000 0.177177
1 0.868000 0.390390 0.240000 0.174174
1 0.260000 0.145646 0.064000 0.087087
