1 0.620709 0.574289 0.170268 0.179461
1 0.460426 0.618232 0.194747 0.200583
1 0.156943 0.734127 0.181877 0.230338
1 0.809906 0.866415 0.177206 0.203724
1 0.45741 0.797012 0.202652 0.222811
1 0.15957 0.160977 0.140258 0.139831
1 0.695183 0.210128 0.158359 0.191392
1 0.940385 0.937137 0.11923 0.106314
1 0.867858 0.53434 0.188652 0.186041
1 0.0787935 0.0646019 0.14602 0.113946
1 0.376891 0.490013 0.179445 0.189838
1 0.0577032 0.424014 0.114913 0.166325
1 0.210042 0.241762 0.103296 0.122161
1 0.244707 0.550314 0.144975 0.12131
1 0.881325 0.710781 0.16483 0.184838
1 0.764953 0.638556 0.166504 0.215708
1 0.0550946 0.292846 0.110189 0.127263
1 0.61456 0.103267 0.142502 0.141686
1 0.0882048 0.550775 0.17641 0.130337
1 0.258475 0.0392804 0.108319 0.0785608
1 0.849554 0.178592 0.152126 0.147649
1 0.663843 0.872125 0.143243 0.154114
1 0.431642 0.132107 0.119008 0.129576
1 0.709404 0.460301 0.164208 0.168374
1 0.04232 0.757333 0.0838326 0.138096
1 0.483619 0.060366 0.182036 0.120732
1 0.651297 0.729106 0.175693 0.177938
1 0.0539687 0.18152 0.107937 0.147282
1 0.786512 0.0979725 0.0887598 0.102379
1 0.311445 0.739084 0.181399 0.243549
1 0.181685 0.452001 0.193898 0.196091
1 0.183349 0.0577664 0.0899572 0.115098
1 0.961893 0.47804 0.076214 0.181329
1 0.904335 0.0674266 0.186498 0.112711
1 0.965066 0.631822 0.069664 0.210059
1 0.0954429 0.582107 0.190886 0.186411
1 0.297767 0.371131 0.168384 0.161925
1 0.280269 0.154132 0.128446 0.125309
1 0.598756 0.284756 0.162435 0.138546
1 0.604982 0.332094 0.171107 0.22831
1 0.101402 0.302691 0.174409 0.148004
1 0.349897 0.0571623 0.109282 0.110666
1 0.574142 0.461944 0.147527 0.130788
1 0.158595 0.306134 0.145016 0.151907
1 0.547286 0.173619 0.153434 0.135763
