1 0.430000 0.549080 0.120000 0.153374
1 0.519000 0.414110 0.126000 0.177914
1 0.326000 0.546012 0.096000 0.147239
1 0.289000 0.389571 0.082000 0.122699
1 0.356000 0.297546 0.072000 0.122699
1 0.374000 0.430982 0.076000 0.095092
1 0.558000 0.248466 0.096000 0.110429
1 0.575000 0.346626 0.074000 0.079755
1 0.626000 0.208589 0.068000 0.104294
1 0.622000 0.104294 0.048000 0.073620
1 0.707000 0.026074 0.058000 0.046012
1 0.758000 0.070552 0.072000 0.073620
1 0.693000 0.121166 0.086000 0.095092
1 0.220000 0.476994 0.124000 0.138037
