1 0.293000 0.884000 0.254000 0.226667
1 0.518000 0.300000 0.348000 0.397333
1 0.250000 0.401333 0.212000 0.226667
1 0.245000 0.188000 0.302000 0.269333
1 0.770000 0.233333 0.196000 0.242667
1 0.803000 0.082667 0.246000 0.160000
1 0.058000 0.402667 0.112000 0.165333
1 0.081000 0.061333 0.158000 0.117333
1 0.937000 0.197333 0.126000 0.208000
1 0.942000 0.505333 0.116000 0.280000
1 0.788000 0.490667 0.232000 0.261333
1 0.799000 0.757333 0.230000 0.240000
1 0.568000 0.626667 0.224000 0.165333
1 0.555000 0.870667 0.206000 0.258667
1 0.339000 0.584000 0.246000 0.288000
1 0.067000 0.653333 0.130000 0.341333
