1 0.536000 0.247748 0.128000 0.165165
1 0.709000 0.309309 0.094000 0.144144
1 0.656000 0.190691 0.104000 0.135135
1 0.192000 0.650150 0.116000 0.159159
1 0.518000 0.758258 0.108000 0.147147
1 0.652000 0.501502 0.104000 0.120120
1 0.570000 0.103604 0.108000 0.141141
1 0.135000 0.498498 0.098000 0.108108
1 0.439000 0.629129 0.114000 0.135135
1 0.396000 0.746246 0.104000 0.117117
1 0.215000 0.429429 0.122000 0.156156
1 0.093000 0.624625 0.106000 0.156156
1 0.441000 0.873874 0.098000 0.120120
1 0.746000 0.453453 0.104000 0.162162
1 0.806000 0.307808 0.104000 0.123123
1 0.418000 0.507508 0.116000 0.144144
1 0.434000 0.267267 0.096000 0.144144
1 0.322000 0.435435 0.112000 0.138138
1 0.048000 0.525526 0.092000 0.150150
1 0.613000 0.648649 0.138000 0.150150
1 0.597000 0.912913 0.102000 0.144144
1 0.927000 0.214715 0.142000 0.153153
1 0.307000 0.660661 0.130000 0.126126
1 0.130000 0.367868 0.056000 0.093093
1 0.925000 0.429429 0.130000 0.162162
1 0.074000 0.611111 0.140000 0.177177
1 0.818000 0.159159 0.108000 0.162162
1 0.743000 0.090090 0.110000 0.156156
1 0.346000 0.175676 0.104000 0.117117
1 0.489000 0.031532 0.118000 0.051051
1 0.257000 0.313814 0.086000 0.105105
1 0.188000 0.936937 0.076000 0.078078
1 0.097000 0.794294 0.090000 0.081081
1 0.198000 0.809309 0.096000 0.129129
1 0.361000 0.885886 0.058000 0.090090
1 0.279000 0.950450 0.054000 0.063063
1 0.842000 0.504505 0.076000 0.102102
1 0.506000 0.436937 0.084000 0.093093
1 0.579000 0.390390 0.050000 0.108108
