1 0.509009 0.585000 0.585586 0.406000
1 0.840841 0.852000 0.312312 0.296000
1 0.084084 0.966000 0.162162 0.068000
1 0.396396 0.883000 0.522523 0.230000
1 0.166667 0.212000 0.327327 0.288000
1 0.475976 0.106000 0.387387 0.192000
1 0.340841 0.201000 0.291291 0.162000
1 0.370871 0.366000 0.411411 0.192000
1 0.669670 0.259000 0.414414 0.262000
1 0.921922 0.236000 0.156156 0.336000
1 0.807808 0.439000 0.384384 0.230000
1 0.812312 0.080000 0.339339 0.156000
1 0.066066 0.592000 0.126126 0.256000
1 0.816817 0.668000 0.366366 0.268000
