1 0.320000 0.735650 0.152000 0.220544
1 0.625000 0.253776 0.102000 0.187311
1 0.815000 0.477341 0.126000 0.199396
1 0.272000 0.564955 0.160000 0.193353
1 0.701000 0.114804 0.146000 0.223565
1 0.494000 0.070997 0.100000 0.135952
1 0.453000 0.173716 0.126000 0.190332
1 0.454000 0.732628 0.108000 0.196375
1 0.556000 0.709970 0.096000 0.193353
1 0.620000 0.561934 0.108000 0.157100
1 0.517000 0.516616 0.090000 0.138973
1 0.416000 0.552870 0.116000 0.163142
1 0.303000 0.386707 0.106000 0.175227
1 0.428000 0.379154 0.112000 0.154079
1 0.332000 0.235650 0.104000 0.175227
1 0.516000 0.312689 0.100000 0.154079
1 0.605000 0.424471 0.094000 0.135952
1 0.707000 0.424471 0.098000 0.184290
1 0.807000 0.290030 0.114000 0.120846
1 0.848000 0.190332 0.148000 0.151057
