1 0.543000 0.618667 0.110000 0.160000
1 0.451000 0.558667 0.098000 0.141333
1 0.372000 0.390667 0.108000 0.109333
1 0.375000 0.644000 0.102000 0.125333
1 0.277000 0.616000 0.106000 0.144000
1 0.347000 0.770667 0.118000 0.138667
1 0.229000 0.808000 0.134000 0.128000
1 0.643000 0.589333 0.106000 0.122667
1 0.112000 0.684000 0.128000 0.173333
1 0.460000 0.744000 0.108000 0.128000
1 0.347000 0.185333 0.114000 0.136000
1 0.477000 0.286667 0.098000 0.125333
1 0.385000 0.484000 0.094000 0.114667
1 0.610000 0.766667 0.124000 0.120000
1 0.125000 0.930667 0.110000 0.128000
1 0.578000 0.437333 0.096000 0.128000
1 0.158000 0.488000 0.116000 0.176000
1 0.474000 0.448000 0.096000 0.085333
1 0.454000 0.857333 0.124000 0.146667
1 0.544000 0.188000 0.104000 0.104000
1 0.210000 0.364000 0.140000 0.136000
1 0.640000 0.250667 0.120000 0.117333
1 0.039000 0.338667 0.074000 0.176000
1 0.304000 0.474667 0.100000 0.138667
1 0.053000 0.461333 0.102000 0.202667
1 0.013000 0.890667 0.022000 0.218667
1 0.815000 0.844000 0.066000 0.125333
1 0.408000 0.504000 0.112000 0.122667
1 0.716000 0.429333 0.104000 0.122667
1 0.044000 0.392000 0.084000 0.341333
1 0.610000 0.329333 0.088000 0.130667
1 0.624000 0.278667 0.108000 0.125333
1 0.199000 0.613333 0.070000 0.101333
1 0.872000 0.640000 0.108000 0.122667
1 0.749000 0.641333 0.074000 0.114667
1 0.703000 0.537333 0.062000 0.072000
1 0.792000 0.533333 0.100000 0.080000
1 0.779000 0.601333 0.066000 0.104000
1 0.792000 0.418667 0.084000 0.085333
1 0.725000 0.346667 0.090000 0.085333
1 0.736000 0.209333 0.076000 0.104000
1 0.827000 0.344000 0.054000 0.106667
1 0.888000 0.440000 0.068000 0.138667
1 0.947000 0.533333 0.094000 0.165333
1 0.976000 0.388000 0.048000 0.109333
1 0.808000 0.117333 0.056000 0.096000
1 0.851000 0.186667 0.046000 0.080000
1 0.896000 0.149333 0.052000 0.069333
1 0.895000 0.201333 0.042000 0.077333
1 0.957000 0.245333 0.086000 0.069333
1 0.958000 0.077333 0.056000 0.064000
1 0.709000 0.069333 0.050000 0.080000
1 0.680000 0.090667 0.056000 0.090667
1 0.621000 0.065333 0.066000 0.082667
1 0.654000 0.165333 0.080000 0.096000
1 0.471000 0.121333 0.058000 0.104000
1 0.421000 0.068000 0.070000 0.088000
1 0.364000 0.032000 0.084000 0.058667
1 0.698000 0.929333 0.104000 0.141333
1 0.893000 0.849333 0.094000 0.120000
1 0.914000 0.968000 0.084000 0.064000
1 0.827000 0.968000 0.082000 0.064000
1 0.568000 0.514667 0.096000 0.090667
