1 0.661333 0.371000 0.224000 0.166000
1 0.386667 0.348000 0.272000 0.180000
1 0.334667 0.206000 0.210667 0.148000
1 0.142667 0.341000 0.280000 0.138000
1 0.660000 0.678000 0.317333 0.224000
1 0.165333 0.515000 0.325333 0.250000
1 0.844000 0.500000 0.306667 0.228000
1 0.513333 0.138000 0.168000 0.120000
1 0.086667 0.071000 0.168000 0.130000
1 0.896000 0.842000 0.208000 0.236000
1 0.425333 0.055000 0.237333 0.106000
1 0.489333 0.514000 0.280000 0.188000
1 0.236000 0.097000 0.210667 0.158000
1 0.341333 0.695000 0.261333 0.178000
1 0.701333 0.088000 0.234667 0.164000
1 0.100000 0.199000 0.194667 0.150000
1 0.577333 0.233000 0.242667 0.138000
1 0.958667 0.632000 0.082667 0.168000
1 0.072000 0.827000 0.138667 0.278000
1 0.610667 0.048000 0.170667 0.092000
1 0.258667 0.034000 0.144000 0.064000
1 0.810667 0.047000 0.160000 0.090000
1 0.952000 0.054000 0.080000 0.048000
1 0.913333 0.106000 0.157333 0.112000
1 0.842667 0.236000 0.314667 0.252000
1 0.972000 0.439000 0.056000 0.178000
1 0.300000 0.873000 0.360000 0.254000
1 0.660000 0.904000 0.285333 0.192000
