1 0.505000 0.903904 0.186000 0.192192
1 0.225000 0.348348 0.166000 0.228228
1 0.371000 0.492492 0.198000 0.240240
1 0.873000 0.250751 0.146000 0.213213
1 0.378000 0.707207 0.160000 0.237237
1 0.605000 0.117117 0.202000 0.228228
1 0.681000 0.776276 0.226000 0.237237
1 0.309000 0.174174 0.134000 0.198198
1 0.296000 0.894895 0.156000 0.198198
1 0.915000 0.509009 0.166000 0.309309
1 0.351000 0.327327 0.106000 0.156156
1 0.184000 0.489489 0.124000 0.186186
1 0.768000 0.564565 0.188000 0.282282
1 0.076000 0.316817 0.148000 0.273273
1 0.968000 0.277778 0.060000 0.189189
1 0.649000 0.328829 0.102000 0.225225
1 0.513000 0.409910 0.134000 0.189189
1 0.031000 0.627628 0.058000 0.264264
1 0.176000 0.693694 0.156000 0.198198
1 0.799000 0.066066 0.182000 0.120120
