1 0.223000 0.209333 0.302000 0.354667
1 0.458000 0.301333 0.324000 0.330667
1 0.865000 0.216000 0.266000 0.288000
1 0.646000 0.101333 0.136000 0.144000
1 0.686000 0.701333 0.348000 0.517333
1 0.667000 0.345333 0.234000 0.360000
1 0.358000 0.064000 0.148000 0.122667
1 0.379000 0.592000 0.350000 0.325333
1 0.737000 0.688000 0.246000 0.485333
1 0.062000 0.221333 0.120000 0.373333
1 0.914000 0.230667 0.168000 0.306667
1 0.878000 0.045333 0.156000 0.085333
1 0.917000 0.356000 0.166000 0.445333
1 0.382000 0.646667 0.396000 0.621333
1 0.084000 0.084000 0.164000 0.162667
