1 0.547000 0.507485 0.202000 0.272455
1 0.202000 0.317365 0.188000 0.263473
1 0.126000 0.559880 0.212000 0.263473
1 0.391000 0.721557 0.162000 0.305389
1 0.911000 0.387725 0.174000 0.326347
1 0.150000 0.889222 0.212000 0.221557
1 0.522000 0.203593 0.204000 0.311377
1 0.147000 0.770958 0.198000 0.140719
1 0.214000 0.101796 0.192000 0.197605
1 0.076000 0.291916 0.124000 0.206587
1 0.082000 0.091317 0.112000 0.176647
1 0.416000 0.438623 0.148000 0.254491
1 0.527000 0.896707 0.202000 0.206587
1 0.775000 0.582335 0.230000 0.296407
1 0.746000 0.290419 0.152000 0.287425
1 0.917000 0.115269 0.166000 0.224551
1 0.930000 0.670659 0.140000 0.257485
1 0.805000 0.857784 0.198000 0.272455
1 0.908000 0.887725 0.160000 0.224551
