1 0.178000 0.698667 0.236000 0.261333
1 0.147000 0.890667 0.242000 0.218667
1 0.391000 0.905333 0.270000 0.189333
1 0.428000 0.716000 0.236000 0.258667
1 0.617000 0.704000 0.210000 0.261333
1 0.826000 0.714667 0.224000 0.266667
1 0.880000 0.917333 0.212000 0.165333
1 0.950000 0.512000 0.100000 0.304000
1 0.794000 0.490667 0.232000 0.250667
1 0.601000 0.456000 0.158000 0.272000
1 0.453000 0.540000 0.186000 0.216000
1 0.409000 0.314667 0.214000 0.272000
1 0.203000 0.328000 0.234000 0.288000
1 0.076000 0.562667 0.148000 0.224000
1 0.156000 0.069333 0.228000 0.133333
1 0.219000 0.162667 0.254000 0.160000
1 0.590000 0.262667 0.200000 0.269333
1 0.764000 0.236000 0.196000 0.290667
1 0.927000 0.281333 0.146000 0.242667
