1 0.179000 0.536000 0.146000 0.208000
1 0.526000 0.736000 0.136000 0.208000
1 0.412000 0.898667 0.148000 0.197333
1 0.564000 0.897333 0.168000 0.200000
1 0.715000 0.870667 0.158000 0.242667
1 0.284000 0.664000 0.124000 0.202667
1 0.163000 0.130667 0.154000 0.165333
1 0.268000 0.873333 0.156000 0.216000
1 0.920000 0.390667 0.152000 0.130667
1 0.431000 0.248000 0.130000 0.176000
1 0.817000 0.497333 0.166000 0.168000
1 0.852000 0.081333 0.144000 0.157333
1 0.888000 0.258667 0.140000 0.149333
1 0.955000 0.502667 0.090000 0.173333
1 0.059000 0.616000 0.114000 0.165333
1 0.139000 0.388000 0.130000 0.162667
1 0.409000 0.557333 0.186000 0.208000
1 0.550000 0.196000 0.120000 0.157333
1 0.916000 0.674667 0.168000 0.240000
1 0.851000 0.832000 0.174000 0.213333
1 0.130000 0.266667 0.144000 0.149333
1 0.735000 0.334667 0.174000 0.221333
1 0.535000 0.464000 0.130000 0.176000
1 0.160000 0.744000 0.156000 0.176000
1 0.544000 0.330667 0.128000 0.160000
1 0.307000 0.413333 0.182000 0.224000
1 0.438000 0.093333 0.160000 0.181333
1 0.400000 0.730667 0.136000 0.192000
1 0.649000 0.736000 0.130000 0.176000
1 0.045000 0.828000 0.086000 0.189333
1 0.570000 0.073333 0.120000 0.141333
1 0.053000 0.482667 0.102000 0.197333
1 0.431000 0.389333 0.110000 0.170667
1 0.950000 0.150667 0.100000 0.152000
1 0.051000 0.158667 0.098000 0.168000
1 0.961000 0.868000 0.078000 0.237333
1 0.631000 0.592000 0.122000 0.165333
1 0.162000 0.928000 0.108000 0.144000
