1 0.393983 0.20483 0.158708 0.191705
1 0.650935 0.353738 0.122191 0.131187
1 0.199159 0.152304 0.109084 0.160872
1 0.903675 0.258385 0.100373 0.120789
1 0.0729412 0.185617 0.14487 0.163277
1 0.628888 0.150395 0.124783 0.160698
1 0.737227 0.24166 0.137896 0.174629
1 0.496352 0.080833 0.162953 0.161666
1 0.713154 0.0633502 0.140637 0.1267
1 0.121643 0.360776 0.159109 0.191609
1 0.863039 0.122197 0.14802 0.183881
1 0.263086 0.564921 0.192103 0.24153
1 0.523411 0.248388 0.125296 0.169921
1 0.674436 0.540888 0.206849 0.258427
1 0.0973538 0.616092 0.179373 0.212525
1 0.266421 0.79505 0.198734 0.250559
1 0.324614 0.0651898 0.176105 0.130189
1 0.420543 0.899973 0.274978 0.199151
1 0.960704 0.169919 0.0785923 0.193861
1 0.0938294 0.920084 0.186983 0.159392
1 0.0293417 0.054596 0.0586834 0.1066
1 0.968028 0.317042 0.0637661 0.181518
1 0.621837 0.942104 0.190614 0.114942
1 0.23561 0.954856 0.146901 0.0897747
1 0.191394 0.0461867 0.130896 0.0906461
