1 0.481000 0.554054 0.130000 0.189189
1 0.683000 0.528529 0.146000 0.186186
1 0.274000 0.429429 0.168000 0.240240
1 0.869000 0.210210 0.134000 0.174174
1 0.620000 0.711712 0.152000 0.240240
1 0.578000 0.235736 0.124000 0.159159
1 0.410000 0.381381 0.128000 0.192192
1 0.345000 0.677177 0.154000 0.207207
1 0.458000 0.210210 0.140000 0.216216
1 0.656000 0.102102 0.128000 0.192192
1 0.559000 0.405405 0.158000 0.198198
1 0.217000 0.647147 0.118000 0.195195
1 0.369000 0.073574 0.110000 0.135135
1 0.691000 0.900901 0.126000 0.180180
1 0.774000 0.079580 0.116000 0.147147
1 0.063000 0.776276 0.122000 0.165165
1 0.128000 0.926426 0.148000 0.147147
1 0.295000 0.211712 0.138000 0.189189
1 0.876000 0.879880 0.172000 0.228228
1 0.072000 0.279279 0.116000 0.150150
1 0.558000 0.897898 0.164000 0.204204
1 0.879000 0.055556 0.130000 0.105105
1 0.781000 0.710210 0.170000 0.207207
1 0.364000 0.893393 0.172000 0.207207
1 0.751000 0.391892 0.122000 0.189189
1 0.477000 0.731231 0.142000 0.195195
1 0.376000 0.527027 0.096000 0.171171
1 0.174000 0.126126 0.144000 0.174174
1 0.726000 0.229730 0.136000 0.159159
1 0.197000 0.315315 0.150000 0.168168
1 0.102000 0.448949 0.152000 0.201201
1 0.961000 0.243243 0.074000 0.204204
1 0.033000 0.929429 0.062000 0.141141
1 0.237000 0.909910 0.094000 0.180180
1 0.972000 0.653153 0.052000 0.267267
1 0.970000 0.879880 0.056000 0.222222
1 0.015000 0.343844 0.026000 0.147147
1 0.794000 0.551051 0.104000 0.165165
1 0.159000 0.803303 0.094000 0.129129
1 0.950000 0.414414 0.096000 0.210210
1 0.261000 0.046547 0.126000 0.087087
1 0.961000 0.067568 0.074000 0.123123
1 0.968000 0.860360 0.064000 0.165165
1 0.969000 0.765766 0.058000 0.126126
1 0.969000 0.699700 0.062000 0.366366
1 0.025000 0.560060 0.046000 0.165165
1 0.818000 0.537538 0.152000 0.198198
1 0.093000 0.626126 0.106000 0.123123
1 0.025000 0.453453 0.046000 0.126126
